00000000
00111001
00100011
00000100
10000000
00001000
01000000
00001100
11000000
00100000
01000011
01100100
10000000
10011011
00010001
00110110
00001010
10011100
10000000
01000000
00000000
01000111
00001010
10000000
00110100
01000000
00100110
00010001
01100000
00000000
00011101
00100000
00000010
00000100
00000000
00100100
00110011
00000000
00000011
00110100
01101000
00110000
00000001
00000000
01001100
01000100
00000010
11100010
00100100
10001010
00000000
10000000
10000100
01001110
11000100
00000000
01100100
00101010
00000000
11000011
10000010
01001000
01000010
10001010
00000000
01000010
10000000
01000111
10100000
00000000
00100010
00000100
00010100
10001000
00101110
00110000
01000000
01011110
00101110
00101011
10011000
00000010
11001110
00110110
10000001
00100000
11100010
01000100
01100000
00001000
01000000
00000000
00101001
01100111
00100010
00000000
00000111
01110111
00000000
00000000
01000010
00110011
00010001
00101100
00101010
00000100
10101100
00000100
00000100
00001000
00000100
00010110
00000000
01000010
00000100
00000011
00100010
00000010
00001010
11000000
00000011
00000001
00000000
00000010
00000000
00010010
10000100
00100010
00000000
00000000
01000010
00000010
00010000
11000110
00000110
00000000
01000000
01000100
00010010
01100011
11000010
01001000
00000110
10010001
11000000
01000100
10000110
10000000
00001100
00000000
00100000
00000111
00000000
00000010
00110101
00010000
00000000
11000011
00001010
00000100
01000000
00100011
00000000
00000001
00000100
00001000
10001101
00001011
01101010
00001100
00000011
10001000
00110101
00001100
00100011
00100001
00000111
00010001
01000000
00000100
00000000
11001100
00110100
00000001
01000100
00000001
00000000
00010101
11000101
00000000
00000100
00000000
10001000
00001100
00110000
11000100
01000000
00000110
00001111
00000000
01000110
00100010
01000001
01000000
10001000
00001000
10001000
00010001
00111110
11000000
00010011
00000010
00000011
00000000
00110000
01000000
00001101
10110000
10011000
00000100
00001000
00000000
11001100
00000100
01000000
00000010
00010000
10101010
00000011
01100000
00100000
10000011
00000000
10101000
00000000
00010000
00110000
00010000
00001000
00000001
00110100
01101000
00110011
00000000
10111010
10101000
00100010
10110011
11101100
00001000
00000000
01100010
01000000
00000000
00010101
00010010
01000010
01100011
11000000
00000011
10001110
00000100
10000110
00000000
00000000
01110011
10010000
01100000
00000010
00001000
00000101
11110000
00000000
01000010
00110100
10000000
00001010
01000100
00000000
10001110
01001101
00000000
01110001
10001100
00000000
00000000
01000100
01010001
00100001
00000011
00000000
00001000
00100000
11100100
11101000
01000000
00000011
00000000
00000011
00000110
00001010
01000000
00001111
00100110
01001111
00000000
00010000
00000110
11001000
00000000
00000010
10001000
00101100
01000100
00000100
00100001
11110011
01001100
11101000
00010000
00000000
00000000
11100000
01100100
00000110
11001100
00001011
01000000
00100000
00000100
10100010
10000011
11000100
00101000
00000000
00000010
00000110
00010100
00000000
01100000
01111110
00000011
00001000
01000101
00000000
00000000
00000000
01100100
00000001
00000000
00000110
01100010
00000000
11000000
00001100
00010000
10001010
11000000
00100100
00110111
01000010
00000100
00010001
00000000
01001100
11011001
00100100
01010001
00010001
00001000
00000000
10000000
00000011
01000111
10100000
01100000
00000000
01001000
00000000
00000000
01100100
00100000
01100100
00000100
10001000
01000010
00000000
10011110
00001010
00110011
11101000
00001111
00000100
00110001
00101110
00010111
00000000
00000011
01000110
01110000
00110010
00001000
01000010
00000000
10100000
10011001
00000110
01101010
00000010
00001000
11101100
11100000
01100000
10000101
00000010
00110001
00001100
10111001
01000111
01000100
00000000
00001110
00000011
00000010
00000000
00000000
11000000
00100110
01100110
10001000
00000011
00000010
00000011
01000100
00110100
00001110
00010110
11000000
00110000
00100010
01101001
00000000
00010000
00000011
00101100
00000001
11010000
01000100
01110001
10010001
00001000
00000000
01000110
00000000
00001100
00000000
00001000
10000100
00000111
00000000
00100000
00000001
00001111
10001000
01000000
10100110
00100000
00000011
01000000
01000000
10001010
00000000
10010001
00000001
00000011
10000000
01110101
00111010
00000010
00000000
10111000
00111010
01100010
11000000
10000100
01001001
10000000
00000010
00000100
00000000
01100110
01001100
00100010
00000000
00001101
00001000
01100110
00000000
00100011
00000101
00000100
00000100
10000111
01010010
00000000
00001000
00000101
00000000
10000000
10000001
11001101
00000001
00000000
00000000
00000101
01000100
01001100
00000001
01000100
00110000
11010110
00110001
00000000
10000010
00010100
00100010
00000011
01100000
11100000
00000001
00000000
01100001
00010001
01000101
01000010
00000110
00100110
00100000
00100000
01000110
00001001
00100100
10000000
01100001
00101110
00000111
01010011
00000000
00000100
01100100
01000000
00001000
00010010
01111100
00100010
00010000
10001000
00110010
00000000
11001101
01110111
10001010
01100111
00000000
11001000
10101010
00000000
11100000
10001001
10001000
01110000
00010101
00000010
10101010
11101110
00000000
00000110
10011001
10011001
00000000
00000000
10100100
00100100
11001100
00001000
00101100
00011101
00000000
00000000
10101000
00000011
00000001
10101010
00010011
00000001
00000000
00001100
00000000
00000000
00000001
00000000
01100010
00100000
10001000
01100100
01000000
00001000
00000101
01000000
00000000
01000100
00001110
11000011
00000000
01000010
00000000
00000000
10011011
00000010
01000000
11000000
00001101
00100000
11100011
00000010
10001100
00000000
10000110
00000110
00000000
01000100
00000010
01000100
00010000
00001011
00000001
01001110
10101110
00000010
00000000
10001110
01000100
10001000
00001011
00110101
01000100
00000010
00110000
00100110
00001000
11110100
00001010
01100001
00000100
00110000
00000111
00000000
01001000
00010111
10001010
00000110
11110011
00100001
00010010
00110001
01101111
01110010
00000000
00000010
00100010
00001000
01101100
00000000
10100000
00000011
00101110
00000000
10001000
00010000
00001000
00000000
00000010
01100000
01100000
00000001
00010000
00010111
00000101
00001100
00000100
00110000
00000000
01000100
00000010
00000111
00000000
00110000
00001110
00000010
00000000
00000100
00010001
00000000
00000000
00100000
01001000
00010000
10000100
10100010
10001010
00001110
00000101
00000011
00000010
10001010
00000100
01100000
01000100
00000001
00000110
00000010
01001010
01000010
00001000
00001100
00000011
01010010
01100100
10100000
00000001
00000100
01000000
00000000
01001100
00100000
00000100
01000000
10001000
00000001
00110110
01011100
10001000
10001000
00100100
01000110
01010000
01001100
00100000
00100101
01000100
10010000
00011000
00000011
00001001
00000000
00000000
00000100
11000100
00010001
00000010
00000000
00000001
01000010
00000000
01001000
01000000
00000000
00000100
01100011
00110000
01100000
00101000
00000011
01000110
00010000
10101110
00000010
01100111
01100100
00001001
11111110
01010010
00000100
11000000
00000000
01101011
00000111
10000000
00000000
00100000
00100000
00100001
01001000
10000000
11100010
01000001
00110000
01101000
00000000
00000100
00010010
10100011
00000000
00111000
00011101
00000101
11010101
01010001
00000000
10001000
00000011
01000010
01000100
01000000
00001000
00100010
00000110
00000111
01010111
00001100
11101000
00001110
01000000
00000000
10001000
01000010
11000110
00000000
00000000
00000010
01100100
00000111
11000000
01000100
00101010
00010000
00000110
10000001
01000100
00000110
01000000
11000010
00100110
11000000
11101010
11000000
00010000
00010010
00000000
00000000
00000010
01010101
00111000
01001111
11101001
01011101
00100100
00111000
00110001
00110001
00000011
01001100
00100010
00000000
00100100
10000100
10001010
00101111
01000000
00000000
10000100
11100010
10100000
01000101
11000000
10001111
00001010
00000100
01100000
00110011
11001100
01000100
00000010
11000011
10000000
00000001
01100100
11001100
00001100
00000010
00000011
00000001
00000010
00000000
00010101
01000111
00000000
00100110
00110001
01001000
01010000
00000110
00000010
00000100
00000100
00001100
00100010
01000010
00001100
00000100
10001000
10001100
00000111
00000000
01000000
00000111
00000000
00000000
00000010
01000000
00101001
00101111
10101010
00100010
00100010
00000000
00001000
00001100
00010001
01000000
01100100
11101110
00000000
10011001
10000110
00000000
00000110
00101100
01110101
01100000
10001000
00000100
00000100
01001000
01101101
00000110
01010000
00010110
00000000
01100001
00101101
10001000
00000011
00000011
01010100
00000100
00001000
01001000
00001000
00000000
01001000
00100010
00000000
10011000
00000010
00000000
11000000
10000100
00111001
10000000
10001000
00000001
01000010
01110110
01000011
01000111
01000000
00010000
00000000
11100111
01010011
00000000
00000000
00111111
10001000
00110010
00011001
01010010
00000000
11000000
11011000
01000100
01100110
00100100
00110101
00000100
11000110
01001100
00110011
00000000
